1 0.19178177083333334 0.9518009259259261 0.02178333333333331 0.028157407407407485
6 0.8274583333333332 0.2917018518518519 0.01782291666666668 0.017601851851851844
10 0.8294374999999999 0.2647111111111112 0.07459375000000001 0.14668888888888892
10 0.1914515625 0.9007518518518518 0.08977395833333332 0.18423703703703703
1 0.19178177083333334 0.9518009259259261 0.02178333333333331 0.028157407407407485
6 0.8274583333333332 0.2917018518518519 0.01782291666666668 0.017601851851851844
10 0.8294374999999999 0.2647111111111112 0.07459375000000001 0.14668888888888892
10 0.1914515625 0.9007518518518518 0.08977395833333332 0.18423703703703703
1 0.19178177083333334 0.9518009259259261 0.02178333333333331 0.028157407407407485
6 0.8274583333333332 0.2917018518518519 0.01782291666666668 0.017601851851851844
10 0.8294374999999999 0.2647111111111112 0.07459375000000001 0.14668888888888892
10 0.1914515625 0.9007518518518518 0.08977395833333332 0.18423703703703703
1 0.19178177083333334 0.9518009259259261 0.02178333333333331 0.028157407407407485
6 0.8274583333333332 0.2917018518518519 0.01782291666666668 0.017601851851851844
10 0.8294374999999999 0.2647111111111112 0.07459375000000001 0.14668888888888892
10 0.1914515625 0.9007518518518518 0.08977395833333332 0.18423703703703703
1 0.19178177083333334 0.9518009259259261 0.02178333333333331 0.028157407407407485
6 0.8274583333333332 0.2917018518518519 0.01782291666666668 0.017601851851851844
10 0.8294374999999999 0.2647111111111112 0.07459375000000001 0.14668888888888892
10 0.1914515625 0.9007518518518518 0.08977395833333332 0.18423703703703703
1 0.19178177083333334 0.9518009259259261 0.02178333333333331 0.028157407407407485
6 0.8274583333333332 0.2917018518518519 0.01782291666666668 0.017601851851851844
10 0.8294374999999999 0.2647111111111112 0.07459375000000001 0.14668888888888892
10 0.1914515625 0.9007518518518518 0.08977395833333332 0.18423703703703703
1 0.19178177083333334 0.9518009259259261 0.02178333333333331 0.028157407407407485
6 0.8274583333333332 0.2917018518518519 0.01782291666666668 0.017601851851851844
10 0.8294374999999999 0.2647111111111112 0.07459375000000001 0.14668888888888892
10 0.1914515625 0.9007518518518518 0.08977395833333332 0.18423703703703703
1 0.19178177083333334 0.9518009259259261 0.02178333333333331 0.028157407407407485
6 0.8274583333333332 0.2917018518518519 0.01782291666666668 0.017601851851851844
10 0.8294374999999999 0.2647111111111112 0.07459375000000001 0.14668888888888892
10 0.1914515625 0.9007518518518518 0.08977395833333332 0.18423703703703703
1 0.19178177083333334 0.9518009259259261 0.02178333333333331 0.028157407407407485
6 0.8274583333333332 0.2917018518518519 0.01782291666666668 0.017601851851851844
10 0.8294374999999999 0.2647111111111112 0.07459375000000001 0.14668888888888892
10 0.1914515625 0.9007518518518518 0.08977395833333332 0.18423703703703703
1 0.19178177083333334 0.9518009259259261 0.02178333333333331 0.028157407407407485
6 0.8274583333333332 0.2917018518518519 0.01782291666666668 0.017601851851851844
10 0.8294374999999999 0.2647111111111112 0.07459375000000001 0.14668888888888892
10 0.1914515625 0.9007518518518518 0.08977395833333332 0.18423703703703703
1 0.19178177083333334 0.9518009259259261 0.02178333333333331 0.028157407407407485
6 0.8274583333333332 0.2917018518518519 0.01782291666666668 0.017601851851851844
10 0.8294374999999999 0.2647111111111112 0.07459375000000001 0.14668888888888892
10 0.1914515625 0.9007518518518518 0.08977395833333332 0.18423703703703703
